  dataset       zr a_angryt1_neutralt2_early v_angryt1_neutralt2_early t0_angryt1_neutralt2_early        d a_angryt1_angryt2_early v_angryt1_angryt2_early t0_angryt1_angryt2_early a_neutralt1_angryt2_early v_neutralt1_angryt2_early t0_neutralt1_angryt2_early a_absent_neutralt2_late v_absent_neutralt2_late t0_absent_neutralt2_late a_neutralt1_angryt2_late v_neutralt1_angryt2_late t0_neutralt1_angryt2_late a_neutralt1_neutralt2_early v_neutralt1_neutralt2_early t0_neutralt1_neutralt2_early a_angryt1_neutralt2_late v_angryt1_neutralt2_late t0_angryt1_neutralt2_late a_neutralt1_neutralt2_late v_neutralt1_neutralt2_late t0_neutralt1_neutralt2_late a_absent_neutralt2_early v_absent_neutralt2_early t0_absent_neutralt2_early a_absent_angryt2_late v_absent_angryt2_late t0_absent_angryt2_late a_absent_angryt2_early v_absent_angryt2_early t0_absent_angryt2_early a_angryt1_angryt2_late v_angryt1_angryt2_late t0_angryt1_angryt2_late  penalty      fit     time   method
      102   0.4594   1.7679   0.3642   0.2081   0.0017   1.8636   0.5595   0.1895   1.6383   0.3495   0.2569   1.4461   0.1739   0.3948   1.9256   0.5071   0.2666   1.7349   0.3606   0.2758   1.7969   0.6772   0.3009   1.5897   0.4799   0.3635   2.0393   0.6832   0.1571   1.5545   0.7845   0.5060   1.5904   1.0313   0.2892   1.9076   1.1184   0.3488   0.0000 648.3684   0.7420       ML
      103   0.4809   1.3693   0.7724   0.2221   0.0760   1.3542   1.0065   0.1841   1.4180   1.0588   0.1798   1.6055   1.6457   0.2628   1.3820   1.2905   0.2856   1.3445   0.7485   0.1951   1.6363   1.1270   0.2802   1.7526   1.1457   0.1923   1.7108   1.1559   0.1496   2.0986   1.4922   0.1753   1.8971   1.8705   0.1651   1.7402   1.4434   0.1823   0.0000 281.5890   0.4630       ML
      104   0.5342   1.7170   0.0594   0.2455   0.0142   1.7271   0.3844   0.2665   1.7864   0.1018   0.1834   2.0699   1.0525   0.3510   1.6679   0.5756   0.1993   1.6472   0.1293   0.2695   1.7952   0.6601   0.1553   1.5529   0.4792   0.3014   1.8688   0.6721   0.2898   1.8121   0.8899   0.3851   1.8879   0.4812   0.2996   1.7993   0.8758   0.1656   0.0000 629.4661   0.5300       ML
      105   0.5106   2.1829   0.1217   0.2920  -0.0095   1.9571   0.3011   0.3687   1.9847   0.4473   0.3342   2.3986   0.9703   0.3125   2.1547   0.7973   0.4232   1.9948   0.3601   0.3151   1.9339   0.3320   0.5078   1.9889   0.6934   0.3968   2.0206   0.5220   0.3410   2.8254   0.9020   0.2811   2.0713   0.3192   0.2899   2.3232   0.7527   0.3640   0.0000 816.8522   0.4600       ML
      106   0.5117   1.3449   0.2316   0.2309   0.0219   1.5819   0.7331   0.1364   1.5183   0.4764   0.1626   1.6435   1.2524   0.3196   1.4054   1.1876   0.2775   1.3615   0.5202   0.2282   1.7661   0.9494   0.1451   1.5361   0.6517   0.2162   1.4037   0.3430   0.3425   1.6476   0.5208   0.3210   1.4857   0.4507   0.2403   1.6252   1.0083   0.1997   0.0000 442.0451   0.5410       ML
      107   0.5618   1.6294   0.2338   0.2742  -0.0320   1.7552   0.3589   0.2440   1.7086   0.4032   0.2735   1.8345   0.2876   0.3444   2.1745   0.4362   0.2074   1.7856   0.2993   0.2673   1.8904   0.2081   0.2775   1.8141   0.0614   0.2965   2.1349   0.4474   0.2472   1.8805   0.8549   0.3021   1.6010   0.3152   0.2982   1.8407   0.0428   0.2980   0.0000 730.3050   0.5110       ML
      108   0.4667   1.9356   0.1788   0.3817   0.0737   2.0019   0.3664   0.4768   1.9412   0.4382   0.3926   1.9113   0.5233   0.4086   2.0986   0.5823   0.4172   1.8831   0.3651   0.4217   1.8692   0.3019   0.5210   1.9452   0.3478   0.4597   2.1574   0.6299   0.3683   2.2210   1.0146   0.3436   2.0784   0.9597   0.3577   1.9125   0.4942   0.3839   0.0000 796.6359   0.5420       ML
      110   0.5554   1.9878   0.3775   0.1250   0.0028   1.9452   0.5814   0.0846   1.8787   0.6721   0.1698   2.3795   0.9292   0.2734   2.5236   1.1700   0.1017   1.8362   0.6169   0.2003   1.9600   0.9984   0.2768   2.2514   0.8578   0.1871   1.9512   0.5209   0.2625   2.8735   1.1471   0.2746   2.7159   1.3853   0.1483   2.3549   0.9002   0.1553   0.0000 626.7590   0.4300       ML
      111   0.6089   1.1379   0.3187   0.2631  -0.0417   0.9241   0.7923   0.2723   1.1910   0.5283   0.2524   1.5264   1.4309   0.3427   1.6075   1.3161   0.1247   1.1481   0.5612   0.2473   1.6288   1.5380   0.1530   1.5212   2.5722   0.2580   1.4374   0.5071   0.2729   1.4796   2.0427   0.2948   1.5701   0.5015   0.2650   1.5134   1.7534   0.2373   0.0000  46.0996   0.5500       ML
      112   0.4866   1.8881   0.1045   0.1316   0.0186   1.7405   0.4501   0.1660   1.7637   0.2830   0.2085   1.7706   1.0851   0.3818   1.7842   0.5245   0.2448   1.6886   0.2836   0.2719   1.8411   0.7342   0.2548   1.7829   0.8268   0.3165   1.9425   0.5987   0.1130   1.7775   0.7909   0.3319   1.9272   0.8566   0.2324   1.6070   0.6178   0.2936   0.0000 664.6537   0.3100       ML
      113   0.5017   1.3354   0.6275   0.1890   0.0072   1.5134   0.4922   0.1667   1.4054   0.6003   0.1774   1.6206   1.0079   0.2530   1.8006   0.7589   0.1059   1.6310   0.4072   0.1452   1.6135   0.8098   0.2196   1.5685   0.4824   0.2177   1.5454   0.1494   0.1467   1.2076   0.8358   0.3186   1.7249   0.7313   0.0883   1.5746   0.7252   0.1929   0.0000 476.0035   0.1900       ML
      114   0.5267   1.5464   0.5712   0.3413   0.0224   1.8119   0.7592   0.3015   1.7762   0.7595   0.3499   1.6962   0.2417   0.5839   1.9364   0.5958   0.3061   1.7833   0.4013   0.2986   2.0157   0.2347   0.3383   1.7868   0.6458   0.3993   1.7325   1.1169   0.4743   1.9175   1.1413   0.6311   1.6751   0.8608   0.4595   1.9919   0.5559   0.3095   0.0000 609.1923   0.5100       ML
      116   0.4396   1.3828   0.4092   0.2181   0.0707   1.2318   0.4097   0.2975   1.1343   0.9813   0.3340   1.3922   0.8504   0.3877   1.4509   1.4893   0.3167   1.1444   0.8495   0.3368   1.3261   1.4426   0.3726   1.6449   1.0505   0.3317   1.1161   1.4969   0.3523   1.3621   1.4747   0.3842   1.2877   1.7639   0.3262   1.5325   1.4779   0.3358   0.0000 227.0297   0.5300       ML
      117   0.4622   1.5275   0.4222   0.1709   0.0428   1.4486   0.8819   0.2301   1.3949   1.0778   0.2389   1.1086   1.4696   0.3760   1.7223   1.8264   0.3063   1.1992   0.8684   0.3015   1.6091   0.7715   0.1983   1.3651   1.0060   0.3477   1.1435   1.4443   0.3369   1.4742   1.8135   0.2926   1.4855   0.9173   0.2657   1.5020   1.7545   0.3286   0.0000 268.4783   0.4900       ML
      118   0.5434   1.4004   0.1095   0.2477   0.0055   1.3084   0.7034   0.2545   1.5387   0.8186   0.1838   2.3025   1.4592   0.3282   1.6136   1.1054   0.2655   1.3041   0.0123   0.2726   1.5306   1.3780   0.2655   1.5533   1.2796   0.2480   1.6842   0.6569   0.3405   1.7706   1.3121   0.3143   1.9459   1.2896   0.2795   1.4777   1.2591   0.2590   0.0000 330.8013   0.9700       ML
      119   0.5370   1.5123   0.0277   0.3129   0.0104   1.6128   0.0879   0.2641   1.6657   0.3776   0.2838   1.6046   0.5451   0.3282   1.6925   0.6423   0.3009   1.5755   0.1554   0.2925   1.7009   0.6173   0.3010   1.9294   0.7497   0.2839   1.8405   0.5497   0.3285   1.7776   0.4703   0.4920   1.5530   0.3962   0.3068   1.6465   0.8898   0.3100   0.0000 588.7662   0.4600       ML
      120   0.6136   1.7260   0.1701   0.1807  -0.0389   1.6285   0.2619   0.2073   1.6322   0.0021   0.1872   1.8767   0.2671   0.2805   1.7046   1.1758   0.2828   1.7697   0.1071   0.1517   1.5872   0.4456   0.2685   1.5927   0.2813   0.2993   1.4585   0.4513   0.2900   1.5043   0.7625   0.3031   1.5850   0.7777   0.2828   1.4917   0.6714   0.3027   0.0000 532.7986   0.5300       ML
      121   0.6795   1.4183   0.1519   0.1855  -0.0748   1.2695   0.4632   0.2539   1.4242   0.5170   0.1707   1.8313   1.0441   0.2490   1.7839   1.1532   0.2619   1.4147   0.2717   0.2143   1.7062   0.7809   0.2463   1.7939   0.5922   0.2116   1.3949   0.7546   0.2589   1.7430   0.8287   0.2801   1.8137   1.2637   0.2313   1.7579   0.8724   0.2235   0.0000 241.8304   0.5100       ML
      122   0.4964   1.7311   0.2451   0.2913   0.0093   1.6018   0.3545   0.2794   1.4834   0.7250   0.3217   2.2440   1.5823   0.3597   2.0778   0.9194   0.2318   1.6853   0.2161   0.2984   1.8228   0.6871   0.3116   2.3132   1.0337   0.2691   2.0577   1.0741   0.2950   2.6074   1.4463   0.2013   3.0421   1.4672   0.1834   1.5982   1.0323   0.3197   0.0000 570.7780   0.5700       ML
      123   0.4570   1.2460   0.6991   0.2886   0.0483   1.1150   0.9069   0.2939   1.5482   0.8049   0.1413   1.5665   1.4775   0.3587   1.4064   1.1849   0.3028   1.3616   0.7416   0.2839   1.6046   1.1097   0.3023   1.4761   1.2185   0.3435   1.3042   1.1538   0.3204   1.3925   1.2948   0.4653   1.4819   1.1220   0.3190   1.3897   0.9076   0.3287   0.0000 300.3230   0.5400       ML
      124   0.5064   1.5468   0.0895   0.3055   0.0098   1.5162   0.1862   0.3097   1.3710   0.1522   0.3669   1.9971   0.8265   0.0930   1.4519   0.3724   0.3692   1.5554   0.5003   0.3307   1.5947   0.5503   0.3502   1.5806   0.4084   0.3273   1.4176   0.9660   0.3732   1.4508   1.1402   0.3727   1.3056   0.5880   0.3527   1.6165   0.8824   0.3630   0.0000 504.8087   0.5100       ML
      125   0.6153   1.5014   0.0417   0.2411  -0.1007   1.9413   0.1445   0.1746   1.7109   0.0907   0.2594   1.7500   0.2511   0.3294   1.9956   0.5810   0.2496   1.8664  -0.0236   0.1975   2.0165   0.2290   0.2765   2.1013   0.7260   0.2037   2.1714   0.3566   0.0645   2.0554   0.4973   0.2974   1.9691   0.6510   0.2360   1.6837   0.4518   0.2691   0.0000 664.0355   0.4800       ML
      127   0.5054   1.7017   0.4227   0.1728   0.0048   1.4268   0.3091   0.2621   1.7206   0.0603   0.1842   1.5280   0.3244   0.2543   1.8058   0.4753   0.1476   1.5371   0.3814   0.2003   1.6482   0.1686   0.2448   1.7550   0.1676   0.1716   1.5755   0.3488   0.2249   1.8038   0.5916   0.2484   1.6717   0.2360   0.2533   1.8022  -0.0058   0.1248   0.0000 655.7094   0.5000       ML
      128   0.4926   1.6617   0.3917   0.1066  -0.0044   1.8059   0.4856   0.1267   1.5643   0.4325   0.1841   1.6607   1.3899   0.1934   1.5759   0.8956   0.1645   1.7514   0.5525   0.0723   1.8046   0.8075   0.1376   1.9836   0.3895   0.0882   1.7800   0.6226   0.1380   1.8758   0.6763   0.0651   1.9348   0.4902   0.0631   1.7034   0.7529   0.0946   0.0000 609.2837   0.5200       ML
      130   0.5624   1.3550   0.0895   0.2558  -0.0592   1.7188   0.1733   0.1543   1.8414   0.1530   0.1480   1.6969   0.1303   0.2610   1.9532   0.0606   0.1259   1.8103  -0.1067   0.1555   1.7794   0.0141   0.1849   1.8021   0.0153   0.1967   1.7874  -0.1300   0.0738   1.8627   0.2724   0.1796   1.9844  -0.0836   0.1150   1.8452  -0.0009   0.2005   0.0000 761.3479   0.4860       ML
      131   0.4729   1.4904   0.1974   0.3014   0.0399   1.7131   0.6474   0.1478   1.5073   0.8272   0.3597   1.3801   1.4423   0.5191   1.7339   1.2278   0.3060   1.4353   0.3960   0.3037   1.5958   0.7301   0.3730   1.6151   1.2323   0.3279   1.7221   1.1211   0.3513   2.2858   1.7896   0.3871   1.7189   1.1425   0.4113   1.7203   1.4078   0.3492   0.0000 417.8836   0.4300       ML
      133   0.4944   1.2437   0.1008   0.2135   0.0264   1.0377   1.0431   0.2848   1.1719   0.7842   0.3084   1.4812   1.9839   0.3260   1.4798   1.3373   0.2817   1.2376   0.5028   0.2867   1.3223   1.0350   0.2928   1.3783   1.4728   0.3081   1.2559   1.2635   0.2752   1.7626   1.6959   0.2092   1.2340   1.6496   0.3340   1.2135   1.0972   0.3415   0.0000 167.7665   0.4390       ML
      134   0.6538   1.6435  -0.0051   0.1838  -0.1053   1.5843   0.1510   0.1960   1.6261   0.2218   0.1573   1.6870   0.2337   0.2794   1.7644   0.7447   0.2059   1.6098  -0.0040   0.1942   1.4418   0.3470   0.2520   1.6705   0.1331   0.1908   1.4676  -0.0326   0.2524   1.9864   0.9641   0.1930   1.6892   0.4035   0.2047   1.7739   0.9640   0.1780   0.0000 502.7017   0.5110       ML
      135   0.5447   1.5886   0.9255   0.1316  -0.0462   1.4770   0.6959   0.2033   1.4537   0.4845   0.1490   1.5587   1.0248   0.3085   1.5765   0.8644   0.2048   1.4195   0.4482   0.1939   1.4839   1.0118   0.2357   1.9312   1.2628   0.1970   1.5287   1.5609   0.2007   1.8022   1.5394   0.2707   1.7947   0.8323   0.2123   1.6179   0.7254   0.2350   0.0000 361.8890   0.5030       ML
      136   0.5861   1.4417   0.1868   0.2465  -0.0544   1.3843   0.3540   0.2694   1.2161   0.8476   0.2941   1.5041   0.3515   0.3906   1.7179   0.4150   0.2909   1.6346   0.3816   0.2433   1.6565   0.6970   0.3027   1.6737   0.5935   0.3049   1.6624   0.6594   0.2617   1.7331   0.4549   0.3889   1.4127   0.6735   0.2975   1.6597   0.9017   0.2564   0.0000 446.7065   0.5310       ML
      137   0.5392   2.2680   0.2339   0.0863  -0.0328   2.1203   0.3257   0.1912   2.2730   0.1436   0.2366   1.9578   0.8326   0.3131   2.0697   0.5248   0.2288   2.1525   0.1054   0.1108   2.0880   0.6069   0.1997   1.8037   0.7566   0.2501   1.9619   0.4111   0.2659   2.1601   0.7689   0.3699   1.8622   0.4873   0.2402   1.7514   0.3439   0.2933   0.0000 840.6967   0.4160       ML
      138   0.4874   0.8872   0.9195   0.2836   0.0066   0.7242   1.5694   0.3052   0.7715   1.8156   0.3112   0.9336   1.3861   0.3201   1.2136   1.1146   0.1967   0.8764   0.5816   0.2863   0.9825   0.8872   0.2726   0.9180   1.1614   0.2982   1.0461   1.1668   0.2963   1.1528   2.2189   0.3271   0.9305   1.3961   0.2573   1.1249   1.5984   0.2242   0.0000 -158.0818   0.4300       ML
      139   0.5096   1.4553   0.3990   0.2678   0.0126   1.5169   0.6186   0.1665   1.3527   0.7084   0.2347   1.7554   1.5779   0.2009   1.6389   1.0695   0.2057   1.5007   0.5406   0.2253   1.7225   0.6867   0.2375   1.4806   0.8578   0.2342   1.5460   0.9784   0.2774   1.5638   0.7835   0.2863   1.6037   0.9535   0.2584   1.8348   1.2964   0.2182   0.0000 423.6751   0.5200       ML
      140   0.4360   1.1019   1.0801   0.1799   0.0378   1.2574   1.1512   0.1219   1.0981   1.5136   0.2135   1.3396   2.4769   0.4136   1.4358   2.0333   0.1764   1.0010   1.7211   0.2162   1.6672   2.4584   0.1462   1.4358   2.9198   0.2403   1.5022   2.2732   0.2192   1.6496   1.2770   0.2443   1.4560   1.5509   0.2201   1.4591   2.0559   0.1734   0.0000 -19.7899   0.5100       ML
      141   0.5025   1.5982   0.5292   0.2038   0.0034   1.4056   0.5462   0.2517   1.5385   0.1178   0.1268   1.3359   1.1289   0.3457   1.5068   0.7129   0.1893   1.2761   0.4801   0.3362   1.4090   0.4927   0.2646   1.4420   0.3978   0.2518   1.4991   0.7570   0.1722   1.3311   1.9114   0.2732   1.2794   0.7383   0.2810   1.4020   1.2339   0.2772   0.0000 384.6669   0.5230       ML
      142   0.4646   1.3231   0.8014   0.3011   0.0482   1.2354   0.7953   0.3053   1.2039   1.1391   0.3060   1.9157   2.0894   0.3958   1.9452   2.4624   0.2839   1.2649   1.0391   0.3113   1.4933   1.1860   0.2965   1.4272   1.4474   0.3075   1.4910   1.1082   0.3073   1.7649   1.9087   0.3972   1.3199   1.3846   0.4041   1.5985   1.6506   0.2824   0.0000 192.2143   0.5400       ML
      143   0.4743   1.3341   1.1155   0.1849   0.0412   1.0672   1.1334   0.2597   1.2441   1.2721   0.2240   1.2141   1.5337   0.2832   1.7780   1.6755   0.1847   1.2471   0.7058   0.2298   1.4276   1.1724   0.1910   1.1110   1.4056   0.2931   1.6804   1.3678   0.1663   1.5647   1.0418   0.2684   1.1108   2.1082   0.3056   1.3901   1.5016   0.1569   0.0000 127.9137   0.5010       ML
      145   0.5750   1.9505   0.2303   0.1715  -0.0401   2.0303   0.6776   0.2183   2.1819   0.5134   0.1983   2.1547   0.7072   0.4381   1.9478   0.7642   0.2295   2.2966   0.4808   0.2005   2.0519   0.1368   0.2119   2.2152   0.4015   0.2279   2.0497   0.4175   0.2430   2.7931   1.1482   0.2343   1.7842   1.2590   0.2629   2.4473   0.9180   0.1972   0.0000 729.3442   0.5100       ML
      147   0.5634   0.9152   0.6304   0.2511  -0.0151   1.0396   0.9298   0.1952   0.9389   1.3039   0.2487   1.0248   0.9969   0.2870   0.8749   0.7432   0.2822   1.0547   0.7906   0.2088   1.0730   1.0233   0.2240   1.0310   2.7510   0.2521   1.0177   1.5805   0.2988   1.0857   0.9387   0.2916   1.0373   1.8252   0.2679   0.9719   1.1633   0.2535   0.0000 -144.4591   0.5300       ML
      148   0.4930   1.6335   0.6938   0.1912   0.0658   1.4542   0.8140   0.2169   1.4293   1.0096   0.1596   1.8044   1.0808   0.4648   1.6902   0.8562   0.2072   1.7230   0.7404   0.0857   1.8678   1.3993   0.2167   1.9992   1.2575   0.1011   1.7184   1.2996   0.3358   1.4608   1.3237   0.5047   1.5865   0.6290   0.3607   1.6602   1.7653   0.2178   0.0000 385.7686   0.5010       ML
      149   0.4535   1.5510   0.6226   0.0914   0.0808   1.3769   0.8852   0.1906   1.4295   0.5475   0.1505   1.5778   1.1030   0.2976   1.6154   0.6384   0.1208   1.5804   0.6765   0.1016   1.7809   0.8522   0.1268   1.9564   0.8317   0.0992   1.7476   1.0887   0.1240   2.0952   1.5701   0.1968   1.5655   0.9329   0.1650   1.6632   0.8292   0.1035   0.0000 472.0905   0.5120       ML
      150   0.5057   1.1710   0.4376   0.1317  -0.0009   1.0585   1.0169   0.1805   1.2804   1.6937   0.1264   1.2979   1.1592   0.3033   0.9650   1.7142   0.2575   1.2865   0.8599   0.1258   1.1452   1.3968   0.2031   1.0553   1.7290   0.2424   1.2832   0.3653   0.3260   1.2225   0.6879   0.3083   1.4057   0.2470   0.2250   1.1801   1.3874   0.1609   0.0000  73.5773   0.4700       ML
      151   0.5080   1.6914   0.4640   0.2869   0.0330   1.5246   0.3796   0.3376   1.6038   0.4624   0.3092   1.8825   0.6725   0.3610   1.7955   0.7291   0.3538   1.7269   0.4471   0.3380   1.8562   0.8705   0.3453   1.6056   0.5917   0.3849   1.4696   0.9432   0.4064   1.6727   0.5133   0.3804   1.8071   1.1527   0.3566   1.7668   0.7533   0.3559   0.0000 561.3061   0.4910       ML
      152   0.4690   1.8438   0.3587   0.3064   0.0715   2.0604   0.7406   0.2713   1.8884   0.5271   0.2983   2.2712   0.7742   0.3349   1.9366   1.0088   0.3784   1.8879   0.7500   0.3030   1.8759   0.8392   0.3707   2.1773   1.1002   0.3190   1.9503   0.5282   0.2851   2.1371   0.9695   0.3956   2.1693   1.4451   0.4425   2.3147   0.9621   0.2729   0.0000 665.8482   0.5600       ML
      153   0.4819   1.7735   0.1987   0.4193   0.1033   2.0316   0.2255   0.2829   1.9451   0.1656   0.3858   2.0340   1.0220   0.6870   2.0139   0.8954   0.4571   1.8859   0.3593   0.3314   1.6703   0.7519   0.5331   2.0890   0.8022   0.3821   1.8516   0.6645   0.4602   1.9947   1.3585   0.5030   2.3246   1.2715   0.4276   1.8196   0.9316   0.4768   0.0000 684.8198   0.4540       ML
      154   0.5955   1.5481   0.3902   0.1144  -0.0304   1.0925   0.8462   0.2587   1.1152   0.8302   0.2597   1.7398   0.8636   0.2204   1.5186   1.5381   0.2329   1.4463   0.9998   0.1581   1.5576   1.2315   0.1892   1.6638   1.8524   0.2141   1.2722   1.0965   0.2711   1.3610   1.1714   0.2817   1.0364   1.0710   0.2812   1.9075   1.3212   0.1260   0.0000 112.3700   0.5010       ML
      155   0.3827   1.2578   1.0638   0.2353   0.1326   1.3166   1.4469   0.2180   1.4418   1.7661   0.1753   1.4591   2.3133   0.3719   1.5637   2.6677   0.2853   1.1327   1.6943   0.2704   1.4726   3.2689   0.3201   1.4678   2.7630   0.2987   1.6729   2.4888   0.3047   1.7461   3.5792   0.3943   1.4923   3.4171   0.3483   1.3399   2.5493   0.3315   0.0000 -58.7929   0.5410       ML
