  dataset       zr a_angryt1_neutralt2_early v_angryt1_neutralt2_early t0_angryt1_neutralt2_early        d a_angryt1_neutralt2_late v_angryt1_neutralt2_late t0_angryt1_neutralt2_late a_neutralt1_neutralt2_early v_neutralt1_neutralt2_early t0_neutralt1_neutralt2_early a_angryt1_angryt2_late v_angryt1_angryt2_late t0_angryt1_angryt2_late a_neutralt1_neutralt2_late v_neutralt1_neutralt2_late t0_neutralt1_neutralt2_late a_angryt1_angryt2_early v_angryt1_angryt2_early t0_angryt1_angryt2_early a_neutralt1_angryt2_early v_neutralt1_angryt2_early t0_neutralt1_angryt2_early a_absent_neutralt2_early v_absent_neutralt2_early t0_absent_neutralt2_early a_absent_neutralt2_late v_absent_neutralt2_late t0_absent_neutralt2_late a_neutralt1_angryt2_late v_neutralt1_angryt2_late t0_neutralt1_angryt2_late a_absent_angryt2_late v_absent_angryt2_late t0_absent_angryt2_late a_absent_angryt2_early v_absent_angryt2_early t0_absent_angryt2_early  penalty      fit     time   method
      401   0.4842   1.7598   0.4437   0.2804   0.0308   1.6311   0.7213   0.3831   1.7705   0.4632   0.3245   1.6892   0.8367   0.3981   1.7920   0.9138   0.3515   1.9154   0.4232   0.2269   1.6611   0.5531   0.2973   1.7315   0.6892   0.3108   1.7505   0.7794   0.3046   1.6764   0.7272   0.3257   1.5820   1.0431   0.4257   1.6519   0.7716   0.3752   0.0000 601.9021   0.6010       ML
      402   0.5042   1.2496   0.3874   0.2505  -0.0232   1.3781   0.4720   0.2556   1.1531   0.1312   0.2795   1.4084   0.4220   0.2354   1.1762   0.9065   0.3136   1.4200   0.3044   0.1291   1.0785   0.8079   0.2972   1.1740  -0.0433   0.3151   1.0559   0.6981   0.3298   1.3599   0.6300   0.2033   1.1079   0.4473   0.3455   1.1313   0.6888   0.2954   0.0000 274.8643   0.5300       ML
      403   0.5274   1.7735   0.2920   0.2112  -0.0492   1.7399   0.1945   0.2748   1.7738   0.5151   0.1785   1.8584   0.3104   0.2042   1.8470   0.1179   0.2550   1.6598   0.3341   0.1815   2.1018   0.3820   0.1044   1.4367   0.2242   0.2048   1.5633   0.6548   0.3590   1.8638   0.1125   0.2667   1.5856   0.3703   0.2870   1.6865   0.6040   0.2250   0.0000 715.1012   1.0010       ML
      404   0.5305   1.4134   0.5074   0.1381   0.0040   1.4065   1.0526   0.1428   1.3726   1.3293   0.1445   1.4970   1.7403   0.1634   1.3396   1.3707   0.2013   1.2238   0.8874   0.1364   1.2579   1.1004   0.1201   1.5548   0.8699   0.2651   1.5733   1.8445   0.2984   1.5705   1.1733   0.1310   1.4283   1.2231   0.2720   1.0982   1.1042   0.2745   0.0000 166.8300   0.5430       ML
      405   0.6008   1.5145   0.1040   0.1746  -0.0346   1.7207   0.6310   0.1831   1.7431   0.2820   0.1025   2.2055   1.2495   0.0912   1.9571   1.1935   0.2045   1.5733   0.6985   0.1731   1.7770   0.6021   0.1265   1.9127   0.4005   0.2081   2.4540   1.1574   0.1965   1.8689   0.7035   0.0993   2.3923   1.3858   0.2286   2.1166   1.1355   0.1818   0.0000 479.2765   0.4930       ML
      406   0.5212   1.3637   0.0723   0.2327  -0.0059   2.0489   0.9747   0.1666   1.4871   0.1820   0.2101   1.7091   0.7630   0.1691   2.1115   0.7774   0.1871   1.3065   0.3623   0.2269   1.7055   0.7621   0.1576   1.8475   0.7311   0.1831   2.0301   1.0933   0.2348   1.9066   0.6772   0.2027   1.6616   1.4182   0.2876   1.9323   1.2000   0.1042   0.0000 534.7043   0.5340       ML
      407   0.5325   1.9436   0.2574   0.2394  -0.0119   2.3915   0.7014   0.2062   1.8204   0.2294   0.2661   2.1964   0.3798   0.2519   2.0841   0.3065   0.2630   1.8209   0.3596   0.2577   1.7827   0.3486   0.2402   2.2516   0.4452   0.2347   2.4672   1.1395   0.3858   2.1157   0.4344   0.3952   2.0500   0.7006   0.2466   1.8001   0.7837   0.2708   0.0000 787.7524   0.5300       ML
      408   0.5259   1.3963   0.2610   0.2213   0.0239   1.4451   1.1802   0.2611   1.2365   0.4499   0.2735   1.4158   0.8756   0.3106   1.7355   1.1394   0.2147   1.3836   0.3948   0.2382   1.4349   0.3796   0.1675   1.4647   1.0157   0.2312   1.5124   0.7236   0.3603   1.7370   0.8209   0.1883   1.3711   1.1978   0.3595   1.5039   1.6156   0.2867   0.0000 345.0715   0.7490       ML
      409   0.4851   1.5147   0.0392   0.2514   0.0017   1.6396   0.2956   0.2645   1.6484   0.3632   0.2213   1.8445   0.3227   0.2533   1.5694   0.6202   0.2859   1.4608   0.1212   0.2492   1.4734   0.2649   0.2704   1.5515   0.8118   0.2629   1.8929   0.3944   0.2666   1.8459   0.1959   0.2785   1.6178   0.6667   0.3431   1.4537   0.0816   0.2770   0.0000 625.9983   0.6700       ML
      500   0.5799   1.7803   0.1452   0.2392  -0.1194   2.2209   0.6032   0.2505   1.9599   0.2635   0.2204   3.2093   1.0832   0.0637   2.0736   0.6999   0.2216   2.1829   0.1915   0.1061   1.9894   0.4363   0.1988   2.2142   1.0813   0.1443   3.9495   1.9708   0.1918   1.9784   0.4046   0.2379   1.9912   0.9703   0.3590   1.8835   1.0838   0.2620   0.0000 690.9594   0.5300       ML
      502   0.4669   1.5361   0.2550   0.1889   0.0545   1.6754   0.9991   0.2486   1.3112   0.5667   0.2500   1.6976   0.8838   0.2927   1.6615   0.7918   0.2233   1.5178   0.3690   0.2130   1.3270   0.4495   0.2524   1.6608   0.8121   0.2416   1.6463   1.2627   0.3168   1.6619   0.7944   0.2836   1.7971   1.0514   0.2769   1.7605   0.6406   0.1459   0.0000 492.3540   0.4550       ML
      503   0.5226   1.6611   0.4807   0.2645  -0.0126   2.0241   0.6901   0.2162   1.8909   0.3427   0.2060   1.7653   1.0471   0.3213   2.0067   0.5640   0.2409   1.9049   0.4411   0.2237   1.7822   0.4124   0.2572   1.6836   0.8027   0.2795   1.9622   0.7479   0.4592   1.8819   0.7754   0.2618   1.9921   1.2271   0.3614   2.1079   0.6833   0.2605   0.0000 666.4250   0.5410       ML
      507   0.5628   1.5166   0.3845   0.3297  -0.0533   1.9824   0.4511   0.2856   1.7886   0.4480   0.2542   2.1028   0.5011   0.2659   1.9414   0.6527   0.2607   1.9800   0.3124   0.2304   1.8106   0.5281   0.2800   1.8462   0.7976   0.2675   1.7343   0.5799   0.3048   1.8309   1.0349   0.3827   1.7119   0.7408   0.2499   2.0036   0.9827   0.2491   0.0000 621.0010   0.9700       ML
      508   0.5453   1.4542   0.1677   0.2811  -0.0342   1.9592   1.1001   0.1410   1.5702   0.3562   0.1971   1.6930   0.8141   0.2534   1.9947   0.9543   0.1911   1.5113   0.2627   0.2351   1.5880   0.5720   0.1933   2.0111   1.9990   0.2261   1.9717   1.5529   0.2205   1.9955   1.3451   0.2264   1.6735   1.6192   0.3054   1.8538   0.9301   0.2757   0.0000 429.9813   0.5800       ML
      509   0.5932   1.4984   0.3612   0.2106  -0.0503   1.3764   0.4933   0.2460   1.4959   0.2726   0.1871   1.6866   0.5048   0.1853   1.6295   0.6667   0.2042   1.4637   0.3430   0.2160   1.6346   0.3847   0.1585   1.6752   0.3110   0.2871   1.9548   0.1576   0.3308   1.4071   0.5517   0.2536   2.1140   0.5622   0.2831   1.8766   0.1894   0.2378   0.0000 520.7520   0.5210       ML
      520   0.4507   1.3912   0.4663   0.2659   0.0501   1.5045   0.5399   0.3795   1.2962   0.6944   0.2710   1.7616   0.5246   0.2447   1.5122   0.7534   0.3485   1.4719   0.3444   0.2479   1.3484   0.7073   0.2750   1.0326   0.9030   0.2955   1.6299   1.3610   0.3067   1.6487   0.5949   0.2775   1.7573   1.3183   0.2588   1.3504   1.2074   0.2887   0.0000 431.9163   0.5600       ML
      523   0.5970   1.4968   0.0660   0.1250  -0.0062   2.1371   1.2712   0.1169   1.4561   0.3544   0.1689   1.7772   1.4443   0.1791   1.3943   1.4403   0.2385   1.5447   0.6761   0.1568   1.5245   1.3397   0.1748   1.7513   1.0187   0.2495   2.5340   1.2739   0.2179   1.9625   1.4001   0.1291   3.1618   1.8315   0.1970   2.0426   0.8235   0.1283   0.0000 293.9433   0.5000       ML
      524   0.5008   1.4011  -0.0252   0.1298   0.0043   1.6310  -0.0011   0.1770   1.3654   0.4350   0.1663   1.5490   0.4065   0.1950   1.5102   0.1611   0.2239   1.3420   0.3921   0.1396   1.5179   0.6212   0.0982   1.8391   0.6219   0.0616   1.6224   0.2618   0.1951   1.6239   0.3587   0.1648   1.4137   0.3408   0.2567   1.3409   0.7351   0.2087   0.0000 513.0989   0.5600       ML
