  dataset       zr a_angryt1_neutralt2_late v_angryt1_neutralt2_late t0_angryt1_neutralt2_late        d a_angryt1_angryt2_early v_angryt1_angryt2_early t0_angryt1_angryt2_early a_absent_angryt2_late v_absent_angryt2_late t0_absent_angryt2_late a_neutralt1_neutralt2_late v_neutralt1_neutralt2_late t0_neutralt1_neutralt2_late a_neutralt1_neutralt2_early v_neutralt1_neutralt2_early t0_neutralt1_neutralt2_early a_neutralt1_angryt2_late v_neutralt1_angryt2_late t0_neutralt1_angryt2_late a_angryt1_angryt2_late v_angryt1_angryt2_late t0_angryt1_angryt2_late a_absent_neutralt2_early v_absent_neutralt2_early t0_absent_neutralt2_early a_neutralt1_angryt2_early v_neutralt1_angryt2_early t0_neutralt1_angryt2_early a_angryt1_neutralt2_early v_angryt1_neutralt2_early t0_angryt1_neutralt2_early a_absent_angryt2_early v_absent_angryt2_early t0_absent_angryt2_early a_absent_neutralt2_late v_absent_neutralt2_late t0_absent_neutralt2_late  penalty      fit     time   method
      130   0.5624   1.7794   0.0141   0.1849  -0.0592   1.7188   0.1733   0.1543   1.8627   0.2724   0.1796   1.8021   0.0153   0.1967   1.8103  -0.1067   0.1555   1.9532   0.0606   0.1259   1.8452  -0.0009   0.2005   1.7874  -0.1300   0.0738   1.8414   0.1530   0.1480   1.3550   0.0895   0.2558   1.9844  -0.0836   0.1150   1.6969   0.1303   0.2610   0.0000 761.3479   0.5300       ML
      131   0.4729   1.5958   0.7301   0.3730   0.0399   1.7131   0.6474   0.1478   2.2858   1.7896   0.3871   1.6151   1.2323   0.3279   1.4353   0.3960   0.3037   1.7339   1.2278   0.3060   1.7203   1.4078   0.3492   1.7221   1.1211   0.3513   1.5073   0.8272   0.3597   1.4904   0.1974   0.3014   1.7189   1.1425   0.4113   1.3801   1.4423   0.5191   0.0000 417.8836   0.4670       ML
      133   0.4944   1.3223   1.0350   0.2928   0.0264   1.0377   1.0431   0.2848   1.7626   1.6959   0.2092   1.3783   1.4728   0.3081   1.2376   0.5028   0.2867   1.4798   1.3373   0.2817   1.2135   1.0972   0.3415   1.2559   1.2635   0.2752   1.1719   0.7842   0.3084   1.2437   0.1008   0.2135   1.2340   1.6496   0.3340   1.4812   1.9839   0.3260   0.0000 167.7665   0.9190       ML
      134   0.6538   1.4418   0.3470   0.2520  -0.1053   1.5843   0.1510   0.1960   1.9864   0.9641   0.1930   1.6705   0.1331   0.1908   1.6098  -0.0040   0.1942   1.7644   0.7447   0.2059   1.7739   0.9640   0.1780   1.4676  -0.0326   0.2524   1.6261   0.2218   0.1573   1.6435  -0.0051   0.1838   1.6892   0.4035   0.2047   1.6870   0.2337   0.2794   0.0000 502.7017   0.5520       ML
      135   0.5447   1.4839   1.0118   0.2357  -0.0462   1.4770   0.6959   0.2033   1.8022   1.5394   0.2707   1.9312   1.2628   0.1970   1.4195   0.4482   0.1939   1.5765   0.8644   0.2048   1.6179   0.7254   0.2350   1.5287   1.5609   0.2007   1.4537   0.4845   0.1490   1.5886   0.9255   0.1316   1.7947   0.8323   0.2123   1.5587   1.0248   0.3085   0.0000 361.8890   0.5920       ML
      136   0.5861   1.6565   0.6970   0.3027  -0.0544   1.3843   0.3540   0.2694   1.7331   0.4549   0.3889   1.6737   0.5935   0.3049   1.6346   0.3816   0.2433   1.7179   0.4150   0.2909   1.6597   0.9017   0.2564   1.6624   0.6594   0.2617   1.2161   0.8476   0.2941   1.4417   0.1868   0.2465   1.4127   0.6735   0.2975   1.5041   0.3515   0.3906   0.0000 446.7065   0.5300       ML
      137   0.5392   2.0880   0.6069   0.1997  -0.0328   2.1203   0.3257   0.1912   2.1601   0.7689   0.3699   1.8037   0.7566   0.2501   2.1525   0.1054   0.1108   2.0697   0.5248   0.2288   1.7514   0.3439   0.2933   1.9619   0.4111   0.2659   2.2730   0.1436   0.2366   2.2680   0.2339   0.0863   1.8622   0.4873   0.2402   1.9578   0.8326   0.3131   0.0000 840.6967   0.4250       ML
      138   0.4874   0.9825   0.8872   0.2726   0.0066   0.7242   1.5694   0.3052   1.1528   2.2189   0.3271   0.9180   1.1614   0.2982   0.8764   0.5816   0.2863   1.2136   1.1146   0.1967   1.1249   1.5984   0.2242   1.0461   1.1668   0.2963   0.7715   1.8156   0.3112   0.8872   0.9195   0.2836   0.9305   1.3961   0.2573   0.9336   1.3861   0.3201   0.0000 -158.0818   0.4600       ML
      139   0.5096   1.7225   0.6867   0.2375   0.0126   1.5169   0.6186   0.1665   1.5638   0.7835   0.2863   1.4806   0.8578   0.2342   1.5007   0.5406   0.2253   1.6389   1.0695   0.2057   1.8348   1.2964   0.2182   1.5460   0.9784   0.2774   1.3527   0.7084   0.2347   1.4553   0.3990   0.2678   1.6037   0.9535   0.2584   1.7554   1.5779   0.2009   0.0000 423.6751   0.6140       ML
      140   0.4360   1.6672   2.4584   0.1462   0.0378   1.2574   1.1512   0.1219   1.6496   1.2770   0.2443   1.4358   2.9198   0.2403   1.0010   1.7211   0.2162   1.4358   2.0333   0.1764   1.4591   2.0559   0.1734   1.5022   2.2732   0.2192   1.0981   1.5136   0.2135   1.1019   1.0801   0.1799   1.4560   1.5509   0.2201   1.3396   2.4769   0.4136   0.0000 -19.7899   0.6350       ML
      141   0.5025   1.4090   0.4927   0.2646   0.0034   1.4056   0.5462   0.2517   1.3311   1.9114   0.2732   1.4420   0.3978   0.2518   1.2761   0.4801   0.3362   1.5068   0.7129   0.1893   1.4020   1.2339   0.2772   1.4991   0.7570   0.1722   1.5385   0.1178   0.1268   1.5982   0.5292   0.2038   1.2794   0.7383   0.2810   1.3359   1.1289   0.3457   0.0000 384.6669   0.6210       ML
      142   0.4646   1.4933   1.1860   0.2965   0.0482   1.2354   0.7953   0.3053   1.7649   1.9087   0.3972   1.4272   1.4474   0.3075   1.2649   1.0391   0.3113   1.9452   2.4624   0.2839   1.5985   1.6506   0.2824   1.4910   1.1082   0.3073   1.2039   1.1391   0.3060   1.3231   0.8014   0.3011   1.3199   1.3846   0.4041   1.9157   2.0894   0.3958   0.0000 192.2143   0.7040       ML
