  dataset       zr a_neutralt1_angryt2_early v_neutralt1_angryt2_early t0_neutralt1_angryt2_early        d a_absent_neutralt2_late v_absent_neutralt2_late t0_absent_neutralt2_late a_angryt1_neutralt2_early v_angryt1_neutralt2_early t0_angryt1_neutralt2_early a_angryt1_angryt2_early v_angryt1_angryt2_early t0_angryt1_angryt2_early a_absent_angryt2_early v_absent_angryt2_early t0_absent_angryt2_early a_neutralt1_angryt2_late v_neutralt1_angryt2_late t0_neutralt1_angryt2_late a_neutralt1_neutralt2_early v_neutralt1_neutralt2_early t0_neutralt1_neutralt2_early a_angryt1_neutralt2_late v_angryt1_neutralt2_late t0_angryt1_neutralt2_late a_neutralt1_neutralt2_late v_neutralt1_neutralt2_late t0_neutralt1_neutralt2_late a_absent_angryt2_late v_absent_angryt2_late t0_absent_angryt2_late a_absent_neutralt2_early v_absent_neutralt2_early t0_absent_neutralt2_early a_angryt1_angryt2_late v_angryt1_angryt2_late t0_angryt1_angryt2_late  penalty      fit     time   method
      402   0.5042   1.0785   0.8079   0.2972  -0.0232   1.0559   0.6981   0.3298   1.2496   0.3874   0.2505   1.4200   0.3044   0.1291   1.1313   0.6888   0.2954   1.3599   0.6300   0.2033   1.1531   0.1312   0.2795   1.3781   0.4720   0.2556   1.1762   0.9065   0.3136   1.1079   0.4473   0.3455   1.1740  -0.0433   0.3151   1.4084   0.4220   0.2354   0.0000 274.8643   0.6440       ML
      403   0.5114        -        -        -  -0.0154   1.5563   0.4020   0.2193        -        -        -        -        -        -        -        -        -   2.0496   0.3057   0.1385        -        -        -   1.7929   0.2789   0.2161   1.8115   0.3625   0.1933   1.6743   0.5382   0.2441        -        -        -   1.7398   0.3593   0.1884   0.0000 736.2758   0.4960       ML
      404   0.5305   1.2579   1.1004   0.1201   0.0040   1.5733   1.8445   0.2984   1.4134   0.5074   0.1381   1.2238   0.8874   0.1364   1.0982   1.1042   0.2745   1.5705   1.1733   0.1310   1.3726   1.3293   0.1445   1.4065   1.0526   0.1428   1.3396   1.3707   0.2013   1.4283   1.2231   0.2720   1.5548   0.8699   0.2651   1.4970   1.7403   0.1634   0.0000 166.8300   0.6770       ML
      405   0.6008   1.7770   0.6021   0.1265  -0.0346   2.4540   1.1574   0.1965   1.5145   0.1040   0.1746   1.5733   0.6985   0.1731   2.1166   1.1355   0.1818   1.8689   0.7035   0.0993   1.7431   0.2820   0.1025   1.7207   0.6310   0.1831   1.9571   1.1935   0.2045   2.3923   1.3858   0.2286   1.9127   0.4005   0.2081   2.2055   1.2495   0.0912   0.0000 479.2765   0.6100       ML
      406   0.5212   1.7055   0.7621   0.1576  -0.0059   2.0301   1.0933   0.2348   1.3637   0.0723   0.2327   1.3065   0.3623   0.2269   1.9323   1.2000   0.1042   1.9066   0.6772   0.2027   1.4871   0.1820   0.2101   2.0489   0.9747   0.1666   2.1115   0.7774   0.1871   1.6616   1.4182   0.2876   1.8475   0.7311   0.1831   1.7091   0.7630   0.1691   0.0000 534.7043   0.6420       ML
      407   0.5325   1.7827   0.3486   0.2402  -0.0119   2.4672   1.1395   0.3858   1.9436   0.2574   0.2394   1.8209   0.3596   0.2577   1.8001   0.7837   0.2708   2.1157   0.4344   0.3952   1.8204   0.2294   0.2661   2.3915   0.7014   0.2062   2.0841   0.3065   0.2630   2.0500   0.7006   0.2466   2.2516   0.4452   0.2347   2.1964   0.3798   0.2519   0.0000 787.7524   0.6250       ML
      408   0.5259   1.4349   0.3796   0.1675   0.0239   1.5124   0.7236   0.3603   1.3963   0.2610   0.2213   1.3836   0.3948   0.2382   1.5039   1.6156   0.2867   1.7370   0.8209   0.1883   1.2365   0.4499   0.2735   1.4451   1.1802   0.2611   1.7355   1.1394   0.2147   1.3711   1.1978   0.3595   1.4647   1.0157   0.2312   1.4158   0.8756   0.3106   0.0000 345.0715   0.5130       ML
      409   0.4851   1.4734   0.2649   0.2704   0.0017   1.8929   0.3944   0.2666   1.5147   0.0392   0.2514   1.4608   0.1212   0.2492   1.4537   0.0816   0.2770   1.8459   0.1959   0.2785   1.6484   0.3632   0.2213   1.6396   0.2956   0.2645   1.5694   0.6202   0.2859   1.6178   0.6667   0.3431   1.5515   0.8118   0.2629   1.8445   0.3227   0.2533   0.0000 625.9983   0.6150       ML
      500   0.5799   1.9894   0.4363   0.1988  -0.1194   3.9495   1.9708   0.1918   1.7803   0.1452   0.2392   2.1829   0.1915   0.1061   1.8835   1.0838   0.2620   1.9784   0.4046   0.2379   1.9599   0.2635   0.2204   2.2209   0.6032   0.2505   2.0736   0.6999   0.2216   1.9912   0.9703   0.3590   2.2142   1.0813   0.1443   3.2093   1.0832   0.0637   0.0000 690.9594   0.5980       ML
      502   0.4669   1.3270   0.4495   0.2524   0.0545   1.6463   1.2627   0.3168   1.5361   0.2550   0.1889   1.5178   0.3690   0.2130   1.7605   0.6406   0.1459   1.6619   0.7944   0.2836   1.3112   0.5667   0.2500   1.6754   0.9991   0.2486   1.6615   0.7918   0.2233   1.7971   1.0514   0.2769   1.6608   0.8121   0.2416   1.6976   0.8838   0.2927   0.0000 492.3540   0.5380       ML
      503   0.5226   1.7822   0.4124   0.2572  -0.0126   1.9622   0.7479   0.4592   1.6611   0.4807   0.2645   1.9049   0.4411   0.2237   2.1079   0.6833   0.2605   1.8819   0.7754   0.2618   1.8909   0.3427   0.2060   2.0241   0.6901   0.2162   2.0067   0.5640   0.2409   1.9921   1.2271   0.3614   1.6836   0.8027   0.2795   1.7653   1.0471   0.3213   0.0000 666.4250   0.6290       ML
      504   0.5149   1.5648   0.4159   0.1315   0.0054   1.7712   1.7017   0.2693   1.4956   0.3203   0.1892   1.4396   0.1498   0.2426   1.7580   0.6265   0.1584   1.4433   0.8149   0.2414   1.3758   0.7013   0.2311   1.3982   0.7195   0.2447   1.5109   1.0920   0.2294   1.3580   0.4037   0.3730   1.5812   0.5347   0.2314   1.3251   0.9501   0.2383   0.0000 425.9078   0.5430       ML
