  dataset       zr a_neutralt1_neutralt2_late v_neutralt1_neutralt2_late t0_neutralt1_neutralt2_late        d a_absent_angryt2_late v_absent_angryt2_late t0_absent_angryt2_late a_neutralt1_angryt2_early v_neutralt1_angryt2_early t0_neutralt1_angryt2_early a_neutralt1_neutralt2_early v_neutralt1_neutralt2_early t0_neutralt1_neutralt2_early a_angryt1_neutralt2_early v_angryt1_neutralt2_early t0_angryt1_neutralt2_early a_angryt1_neutralt2_late v_angryt1_neutralt2_late t0_angryt1_neutralt2_late a_absent_neutralt2_late v_absent_neutralt2_late t0_absent_neutralt2_late a_absent_neutralt2_early v_absent_neutralt2_early t0_absent_neutralt2_early a_angryt1_angryt2_early v_angryt1_angryt2_early t0_angryt1_angryt2_early a_absent_angryt2_early v_absent_angryt2_early t0_absent_angryt2_early a_neutralt1_angryt2_late v_neutralt1_angryt2_late t0_neutralt1_angryt2_late a_angryt1_angryt2_late v_angryt1_angryt2_late t0_angryt1_angryt2_late  penalty      fit     time   method
      301   0.4689   1.6025   0.5221   0.2181   0.0217   1.6634   0.7957   0.2414   1.6246   0.1021   0.1745   1.5407   0.3729   0.1469   1.3808   0.2713   0.1953   1.6932   0.3649   0.1942   1.6060   0.9546   0.2803   1.6497   0.4777   0.2029   1.2564   0.8172   0.2432   1.3789   0.6472   0.2660   1.4991   1.2530   0.2494   1.4007   0.2488   0.2335   0.0000 469.9652   0.4700       ML
      303   0.5062   2.0958   0.8058   0.3437   0.0259   2.0310   0.5146   0.5311   2.0862   0.6573   0.2323   1.8536   0.5393   0.3027   1.7695   0.3397   0.3486   2.1302   0.9312   0.3033   1.9485   0.3952   0.4146   1.7400   0.6146   0.5401   1.7669   0.2234   0.2847   2.1483   0.8115   0.3784   2.1603   0.8602   0.3198   2.0561   0.7604   0.3855   0.0000 704.7880   0.5870       ML
      304   0.5060   1.6691   0.7138   0.2939   0.0151   1.8410   0.3802   0.4676   1.5169   0.5794   0.3056   1.6327   0.6062   0.2814   1.7248   0.2487   0.2274   1.7711   0.6232   0.2876   1.8705   1.2320   0.3568   1.8626   1.0417   0.2960   1.7543   0.1817   0.2689   1.7617   0.6784   0.3008   1.8278   0.6943   0.3044   1.8709   1.0581   0.3144   0.0000 602.4570   0.5500       ML
      305   0.5223   2.0268  -0.0682   0.3543   0.0822   1.5905   0.7688   0.3567   1.7866   0.4218   0.3931   1.8583   0.2667   0.2837   1.9179   0.0425   0.2634   2.1646   0.2739   0.2911   1.5724   0.1060   0.5619   1.8119   0.6440   0.3791   1.9676   0.2269   0.2573   1.8109   0.4659   0.3354   2.1729   0.3310   0.3589   1.9281   0.3702   0.3712   0.0000 792.4796   0.6340       ML
      306   0.5276   1.9975   0.6088   0.2607   0.0461   1.7876   0.0269   0.4301   1.9007   0.2876   0.1680   2.0392   0.0590   0.2232   2.0123   0.0881   0.1301   1.9044   0.1399   0.2774   2.1920   0.5595   0.3472   1.7808   0.7996   0.3247   1.7935   0.2776   0.2259   1.8764   0.3662   0.2251   1.8655   0.5132   0.2489   2.0677   0.5531   0.0951   0.0000 792.1760   0.5110       ML
      307   0.5953   1.6012   0.0306   0.2729  -0.0896   1.3959   0.2015   0.3858   1.6531   0.0665   0.2200   1.4591  -0.0719   0.2509   1.3985  -0.1912   0.2575   1.6473   0.1730   0.2108   1.8260   0.7008   0.3166   1.4369   0.0546   0.2705   1.4641   0.5798   0.2638   1.7222   0.4098   0.2943   1.5783   0.3943   0.2555   1.5846   0.2600   0.2415   0.0000 535.8896   0.6200       ML
      308   0.4616   1.8343   0.3813   0.1120   0.0691   1.9748   0.6825   0.1634   1.9616   0.3418   0.1032   2.0464   0.4165   0.0681   1.8904   0.4243   0.0994   1.6827   0.5100   0.3201   1.4099   0.6016   0.4685   1.8387   0.4391   0.2373   2.0072   0.3992   0.0727   2.0339   0.7491   0.3143   1.7009   0.1349   0.2587   1.7965   0.4279   0.1185   0.0000 751.6622   0.6130       ML
      309   0.6376   1.8664   0.3333   0.2707  -0.1038   1.9371   0.8422   0.5094   1.8498   0.2336   0.2204   1.8355  -0.0916   0.2276   2.0683  -0.1827   0.2090   1.8473   0.4223   0.2994   1.9986   0.1748   0.3835   1.8997   0.2125   0.2334   1.8358  -0.0786   0.2080   1.8833   0.1178   0.2385   2.0603  -0.1809   0.3630   1.9077   0.1964   0.2852   0.0000 752.3710   0.6000       ML
      310   0.5958   1.9213   0.6267   0.2307  -0.0483   1.7341   0.4233   0.2501   1.4911   0.7305   0.2509   1.5737   0.4535   0.2375   1.7110   0.1527   0.2220   1.8280   0.1524   0.2065   1.4996   0.4537   0.2881   1.8051   0.4238   0.3560   1.6162   0.5052   0.2174   1.7020   0.6380   0.2763   1.7499   0.4322   0.2305   1.7707   0.5908   0.2053   0.0000 562.4204   0.6020       ML
      311   0.4996   1.8357   0.8085   0.3790   0.0226   1.6182   1.1958   0.5622   1.3081   0.8714   0.4019   1.5051   0.5100   0.3572   1.5911   0.2141   0.2920   1.7545   0.8865   0.3325   1.6080   1.3759   0.5443   1.5939   1.5127   0.4558   1.4649   0.7096   0.3504   1.4056   1.5109   0.3942   1.6221   1.2088   0.3850   1.5363   1.1752   0.4079   0.0000 391.3694   0.5630       ML
      312   0.5930   1.8390   1.1296   0.1987  -0.0618   1.7394   0.7593   0.2836   1.2159   0.4358   0.2152   1.2714   0.3587   0.2299   1.2643   0.2025   0.2427   1.5512   1.1837   0.2035   1.7446   1.0594   0.2169   1.4611   1.1168   0.2520   1.3711   0.3101   0.1815   1.7821   1.1790   0.1458   1.6092   0.8059   0.2536   1.5822   0.8896   0.1734   0.0000 294.9025   0.6520       ML
      313   0.4969   1.4876   1.6607   0.2548   0.0313   2.0323   2.4250   0.3235   1.4950   0.6603   0.2059   1.4576   0.6647   0.2649   1.3146   0.5682   0.2687   1.5645   0.9626   0.2475   1.7321   1.2075   0.3001   1.3517   1.1213   0.3104   1.2933   0.8831   0.2834   1.2762   1.0397   0.3612   1.7776   1.2852   0.1680   1.4377   1.0739   0.2545   0.0000 297.7656   0.5820       ML
      314   0.5697   1.8234   0.3042   0.2495  -0.0132   2.1039   0.2873   0.1446   1.5341   0.2940   0.2088   1.4999   0.3273   0.2448   1.6813  -0.0065   0.1645   1.5735   0.5235   0.2802   1.6184   0.9161   0.2630   1.3865   0.7703   0.2724   1.7489   0.2710   0.1350   1.5436   0.6493   0.2654   1.8026   0.1386   0.1799   1.6451   0.4710   0.2325   0.0000 602.0280   0.5970       ML
